Number of nodes 621 
     0 :  0.0000000e+00  1.0000000e+00 
     1 :  0.0000000e+00  0.0000000e+00 
     2 :  1.0000000e+00  1.0000000e+00 
     3 :  1.0000000e+00  7.5000000e-01 
     4 :  5.0000000e-01  7.5000000e-01 
     5 :  5.0000000e-01  2.5000000e-01 
     6 :  1.0000000e+00  2.5000000e-01 
     7 :  1.0000000e+00  0.0000000e+00 
     8 :  0.0000000e+00  9.6428571e-01 
     9 :  0.0000000e+00  3.5714286e-02 
    10 :  0.0000000e+00  1.0714286e-01 
    11 :  0.0000000e+00  1.7857143e-01 
    12 :  0.0000000e+00  2.5000000e-01 
    13 :  0.0000000e+00  3.2142857e-01 
    14 :  0.0000000e+00  3.9285714e-01 
    15 :  0.0000000e+00  4.6428571e-01 
    16 :  0.0000000e+00  5.3571429e-01 
    17 :  0.0000000e+00  6.0714286e-01 
    18 :  0.0000000e+00  6.7857143e-01 
    19 :  0.0000000e+00  7.5000000e-01 
    20 :  0.0000000e+00  8.2142857e-01 
    21 :  0.0000000e+00  8.9285714e-01 
    22 :  0.0000000e+00  9.2857143e-01 
    23 :  0.0000000e+00  8.5714286e-01 
    24 :  0.0000000e+00  7.8571429e-01 
    25 :  0.0000000e+00  7.1428571e-01 
    26 :  0.0000000e+00  6.4285714e-01 
    27 :  0.0000000e+00  5.7142857e-01 
    28 :  0.0000000e+00  5.0000000e-01 
    29 :  0.0000000e+00  4.2857143e-01 
    30 :  0.0000000e+00  3.5714286e-01 
    31 :  0.0000000e+00  2.8571429e-01 
    32 :  0.0000000e+00  2.1428571e-01 
    33 :  0.0000000e+00  1.4285714e-01 
    34 :  0.0000000e+00  7.1428571e-02 
    35 :  9.6428571e-01  1.0000000e+00 
    36 :  3.5714286e-02  1.0000000e+00 
    37 :  1.0714286e-01  1.0000000e+00 
    38 :  1.7857143e-01  1.0000000e+00 
    39 :  2.5000000e-01  1.0000000e+00 
    40 :  3.2142857e-01  1.0000000e+00 
    41 :  3.9285714e-01  1.0000000e+00 
    42 :  4.6428571e-01  1.0000000e+00 
    43 :  5.3571429e-01  1.0000000e+00 
    44 :  6.0714286e-01  1.0000000e+00 
    45 :  6.7857143e-01  1.0000000e+00 
    46 :  7.5000000e-01  1.0000000e+00 
    47 :  8.2142857e-01  1.0000000e+00 
    48 :  8.9285714e-01  1.0000000e+00 
    49 :  9.2857143e-01  1.0000000e+00 
    50 :  8.5714286e-01  1.0000000e+00 
    51 :  7.8571429e-01  1.0000000e+00 
    52 :  7.1428571e-01  1.0000000e+00 
    53 :  6.4285714e-01  1.0000000e+00 
    54 :  5.7142857e-01  1.0000000e+00 
    55 :  5.0000000e-01  1.0000000e+00 
    56 :  4.2857143e-01  1.0000000e+00 
    57 :  3.5714286e-01  1.0000000e+00 
    58 :  2.8571429e-01  1.0000000e+00 
    59 :  2.1428571e-01  1.0000000e+00 
    60 :  1.4285714e-01  1.0000000e+00 
    61 :  7.1428571e-02  1.0000000e+00 
    62 :  1.0000000e+00  7.8125000e-01 
    63 :  1.0000000e+00  8.4375000e-01 
    64 :  1.0000000e+00  9.0625000e-01 
    65 :  1.0000000e+00  9.6875000e-01 
    66 :  1.0000000e+00  8.1250000e-01 
    67 :  1.0000000e+00  8.7500000e-01 
    68 :  1.0000000e+00  9.3750000e-01 
    69 :  9.6428571e-01  7.5000000e-01 
    70 :  8.9285714e-01  7.5000000e-01 
    71 :  8.2142857e-01  7.5000000e-01 
    72 :  7.5000000e-01  7.5000000e-01 
    73 :  6.7857143e-01  7.5000000e-01 
    74 :  6.0714286e-01  7.5000000e-01 
    75 :  5.3571429e-01  7.5000000e-01 
    76 :  9.2857143e-01  7.5000000e-01 
    77 :  8.5714286e-01  7.5000000e-01 
    78 :  7.8571429e-01  7.5000000e-01 
    79 :  7.1428571e-01  7.5000000e-01 
    80 :  6.4285714e-01  7.5000000e-01 
    81 :  5.7142857e-01  7.5000000e-01 
    82 :  4.6442129e-01  7.4745536e-01 
    83 :  4.6442129e-01  2.5254464e-01 
    84 :  3.9614625e-01  2.7259200e-01 
    85 :  3.3628482e-01  3.1106261e-01 
    86 :  2.8968662e-01  3.6483980e-01 
    87 :  2.6012676e-01  4.2956686e-01 
    88 :  2.5000000e-01  5.0000000e-01 
    89 :  2.6012676e-01  5.7043314e-01 
    90 :  2.8968662e-01  6.3516020e-01 
    91 :  3.3628482e-01  6.8893739e-01 
    92 :  3.9614625e-01  7.2740800e-01 
    93 :  4.2956686e-01  7.3987324e-01 
    94 :  3.6483980e-01  7.1031338e-01 
    95 :  3.1106261e-01  6.6371518e-01 
    96 :  2.7259200e-01  6.0385375e-01 
    97 :  2.5254464e-01  5.3557871e-01 
    98 :  2.5254464e-01  4.6442129e-01 
    99 :  2.7259200e-01  3.9614625e-01 
   100 :  3.1106261e-01  3.3628482e-01 
   101 :  3.6483980e-01  2.8968662e-01 
   102 :  4.2956686e-01  2.6012676e-01 
   103 :  5.3571429e-01  2.5000000e-01 
   104 :  6.0714286e-01  2.5000000e-01 
   105 :  6.7857143e-01  2.5000000e-01 
   106 :  7.5000000e-01  2.5000000e-01 
   107 :  8.2142857e-01  2.5000000e-01 
   108 :  8.9285714e-01  2.5000000e-01 
   109 :  9.6428571e-01  2.5000000e-01 
   110 :  5.7142857e-01  2.5000000e-01 
   111 :  6.4285714e-01  2.5000000e-01 
   112 :  7.1428571e-01  2.5000000e-01 
   113 :  7.8571429e-01  2.5000000e-01 
   114 :  8.5714286e-01  2.5000000e-01 
   115 :  9.2857143e-01  2.5000000e-01 
   116 :  1.0000000e+00  3.1250000e-02 
   117 :  1.0000000e+00  9.3750000e-02 
   118 :  1.0000000e+00  1.5625000e-01 
   119 :  1.0000000e+00  2.1875000e-01 
   120 :  1.0000000e+00  6.2500000e-02 
   121 :  1.0000000e+00  1.2500000e-01 
   122 :  1.0000000e+00  1.8750000e-01 
   123 :  3.5714286e-02  0.0000000e+00 
   124 :  9.6428571e-01  0.0000000e+00 
   125 :  8.9285714e-01  0.0000000e+00 
   126 :  8.2142857e-01  0.0000000e+00 
   127 :  7.5000000e-01  0.0000000e+00 
   128 :  6.7857143e-01  0.0000000e+00 
   129 :  6.0714286e-01  0.0000000e+00 
   130 :  5.3571429e-01  0.0000000e+00 
   131 :  4.6428571e-01  0.0000000e+00 
   132 :  3.9285714e-01  0.0000000e+00 
   133 :  3.2142857e-01  0.0000000e+00 
   134 :  2.5000000e-01  0.0000000e+00 
   135 :  1.7857143e-01  0.0000000e+00 
   136 :  1.0714286e-01  0.0000000e+00 
   137 :  7.1428571e-02  0.0000000e+00 
   138 :  1.4285714e-01  0.0000000e+00 
   139 :  2.1428571e-01  0.0000000e+00 
   140 :  2.8571429e-01  0.0000000e+00 
   141 :  3.5714286e-01  0.0000000e+00 
   142 :  4.2857143e-01  0.0000000e+00 
   143 :  5.0000000e-01  0.0000000e+00 
   144 :  5.7142857e-01  0.0000000e+00 
   145 :  6.4285714e-01  0.0000000e+00 
   146 :  7.1428571e-01  0.0000000e+00 
   147 :  7.8571429e-01  0.0000000e+00 
   148 :  8.5714286e-01  0.0000000e+00 
   149 :  9.2857143e-01  0.0000000e+00 
   150 :  3.9212754e-01  1.0391703e-01 
   151 :  3.2519572e-01  9.6920258e-01 
   152 :  1.1427917e-01  8.2262556e-01 
   153 :  1.7113049e-01  3.7837773e-01 
   154 :  6.8115007e-02  5.6204729e-01 
   155 :  5.0282295e-01  9.4115833e-01 
   156 :  9.2859086e-01  9.0628750e-01 
   157 :  5.0469568e-01  8.8268227e-01 
   158 :  7.1452654e-01  9.3797008e-01 
   159 :  3.4992041e-02  7.2449781e-02 
   160 :  2.8099843e-01  2.3673414e-01 
   161 :  1.7619447e-01  7.5592094e-02 
   162 :  1.8416761e-01  3.2999812e-01 
   163 :  1.6571509e-01  4.2631890e-01 
   164 :  1.6372096e-01  4.6913910e-01 
   165 :  8.6641645e-02  2.9876160e-01 
   166 :  8.9285607e-01  1.8752305e-01 
   167 :  6.9154373e-02  1.1030368e-01 
   168 :  4.2814712e-01  1.6762188e-01 
   169 :  4.6396887e-01  9.9117602e-02 
   170 :  6.4282893e-01  6.3026457e-02 
   171 :  3.9997189e-01  7.7975181e-01 
   172 :  3.7152672e-02  8.9322994e-01 
   173 :  7.3418651e-02  9.2927086e-01 
   174 :  2.0776951e-01  3.8239838e-01 
   175 :  2.2594783e-01  6.5996178e-01 
   176 :  1.7820714e-01  6.2505404e-01 
   177 :  1.9530407e-01  4.6630190e-01 
   178 :  7.1427902e-01  3.1369469e-02 
   179 :  7.0037852e-02  7.3454163e-02 
   180 :  6.4316425e-01  9.6930674e-01 
   181 :  5.7318819e-01  9.0937020e-01 
   182 :  7.5020387e-01  8.4417496e-01 
   183 :  7.8581448e-01  9.3769934e-01 
   184 :  9.2859234e-01  8.7504086e-01 
   185 :  7.1460324e-01  8.4441874e-01 
   186 :  6.4345078e-01  8.1387533e-01 
   187 :  7.8584502e-01  8.4402037e-01 
   188 :  6.4368126e-01  8.7667761e-01 
   189 :  1.4827327e-01  6.6859500e-01 
   190 :  7.1691111e-02  6.3647246e-01 
   191 :  7.5066743e-02  7.1118622e-01 
   192 :  6.0764279e-01  7.8261380e-01 
   193 :  9.6428544e-01  1.5625786e-01 
   194 :  6.6461339e-02  1.8431747e-01 
   195 :  8.5714091e-01  6.2537249e-02 
   196 :  7.1427373e-01  6.2722036e-02 
   197 :  4.2820498e-01  6.7641933e-02 
   198 :  4.6415254e-01  3.3165025e-02 
   199 :  4.3372533e-01  9.4177257e-01 
   200 :  4.3864084e-01  8.8527140e-01 
   201 :  1.3098588e-01  4.7392370e-01 
   202 :  5.0392156e-01  8.2395788e-01 
   203 :  3.9269013e-01  2.0705188e-01 
   204 :  8.2142448e-01  9.3827133e-02 
   205 :  6.0708804e-01  9.4828061e-02 
   206 :  5.7139073e-01  3.1889934e-02 
   207 :  4.4254639e-01  7.9388287e-01 
   208 :  8.5714019e-01  1.2505291e-01 
   209 :  6.4283372e-01  1.8807832e-01 
   210 :  7.5223188e-02  8.5795918e-01 
   211 :  1.4492816e-01  9.6535632e-01 
   212 :  5.3876077e-01  8.8060571e-01 
   213 :  6.0841812e-01  8.7756524e-01 
   214 :  8.5718350e-01  8.1258310e-01 
   215 :  2.0220466e-01  2.3792494e-01 
   216 :  2.4805980e-01  7.5198040e-02 
   217 :  4.0959819e-01  8.5740686e-01 
   218 :  1.5131569e-01  8.6026240e-01 
   219 :  9.2857109e-01  3.1257167e-02 
   220 :  7.4999327e-01  1.8764726e-01 
   221 :  8.9285574e-01  1.5628011e-01 
   222 :  4.9981663e-01  1.6090268e-01 
   223 :  7.8570791e-01  9.3870790e-02 
   224 :  3.1978750e-01  1.0963534e-01 
   225 :  3.6824879e-01  9.1081815e-01 
   226 :  4.4265520e-01  8.3335182e-01 
   227 :  5.4910810e-02  3.7989548e-01 
   228 :  3.7952742e-02  7.8543886e-01 
   229 :  4.0243877e-01  9.1247487e-01 
   230 :  1.9557945e-01  7.8989262e-01 
   231 :  3.2030019e-01  7.2769433e-02 
   232 :  8.2142567e-01  1.8755956e-01 
   233 :  1.3468877e-01  5.5244943e-01 
   234 :  2.4968880e-01  7.1022496e-01 
   235 :  9.6428541e-01  1.2500852e-01 
   236 :  6.0709922e-01  6.3302643e-02 
   237 :  6.7856116e-01  3.1433953e-02 
   238 :  2.9949857e-01  7.3895766e-01 
   239 :  4.1368958e-01  8.3191764e-01 
   240 :  5.7220575e-01  7.8374200e-01 
   241 :  6.4317762e-01  7.8204011e-01 
   242 :  7.1441735e-01  7.8154194e-01 
   243 :  2.4906187e-01  3.7453600e-02 
   244 :  1.4058803e-01  7.5127562e-02 
   245 :  6.0708621e-01  1.2620886e-01 
   246 :  3.2085731e-01  3.6291645e-02 
   247 :  4.0588751e-01  8.8440836e-01 
   248 :  2.7815151e-01  8.0440165e-01 
   249 :  3.7750325e-01  8.5429524e-01 
   250 :  7.5015565e-01  9.3780743e-01 
   251 :  7.5008425e-01  7.8143202e-01 
   252 :  8.9287068e-01  7.8127765e-01 
   253 :  9.2859064e-01  8.4378790e-01 
   254 :  6.7855035e-01  1.5671940e-01 
   255 :  3.5673119e-01  3.5482681e-02 
   256 :  9.6428549e-01  6.2506051e-02 
   257 :  2.3756189e-01  7.9545828e-01 
   258 :  1.4920287e-01  8.9566625e-01 
   259 :  4.4086213e-01  8.5844588e-01 
   260 :  1.4300610e-01  6.2934691e-01 
   261 :  1.9741320e-01  5.4353026e-01 
   262 :  2.7903752e-02  3.8682267e-01 
   263 :  2.5769259e-01  3.4820059e-01 
   264 :  2.1242075e-01  6.1950869e-01 
   265 :  1.2491594e-01  2.6970107e-01 
   266 :  7.8480445e-02  3.2986778e-01 
   267 :  1.3007295e-01  3.7541385e-01 
   268 :  3.0859339e-01  8.4371364e-01 
   269 :  3.0269856e-01  8.7444290e-01 
   270 :  1.0866531e-01  9.6495363e-01 
   271 :  3.1938847e-01  1.4718313e-01 
   272 :  7.8570923e-01  6.2592086e-02 
   273 :  3.1988684e-01  2.2666962e-01 
   274 :  9.2857089e-01  1.8751324e-01 
   275 :  4.1845485e-01  8.0846561e-01 
   276 :  3.1585832e-01  8.1351718e-01 
   277 :  2.8695746e-01  7.7136187e-01 
   278 :  2.1203409e-01  7.5648279e-02 
   279 :  3.9386760e-01  2.4056016e-01 
   280 :  1.9943573e-01  4.2548903e-01 
   281 :  2.2505139e-01  4.6491317e-01 
   282 :  9.2857067e-01  9.3767279e-02 
   283 :  4.6395142e-01  1.3164786e-01 
   284 :  1.5299130e-01  7.0864670e-01 
   285 :  1.0622791e-01  3.7142635e-02 
   286 :  1.1642849e-01  3.0878209e-01 
   287 :  3.5599997e-01  1.7924272e-01 
   288 :  5.3560949e-01  6.4303241e-02 
   289 :  1.3453119e-01  1.9046342e-01 
   290 :  1.8119106e-01  9.6590212e-01 
   291 :  3.5057991e-01  7.3203554e-01 
   292 :  3.3668373e-01  7.5668023e-01 
   293 :  6.7894285e-01  9.3821106e-01 
   294 :  5.7289507e-01  8.1635575e-01 
   295 :  1.3064788e-01  2.2997934e-01 
   296 :  6.0709340e-01  1.5741184e-01 
   297 :  7.4999216e-01  6.2643267e-02 
   298 :  8.9285561e-01  1.2503258e-01 
   299 :  3.4392943e-01  8.4958312e-01 
   300 :  2.1741021e-01  9.6660073e-01 
   301 :  3.7413543e-02  7.1272108e-01 
   302 :  1.8676468e-01  8.9736659e-01 
   303 :  6.0829665e-01  9.0840844e-01 
   304 :  6.4360907e-01  9.0770290e-01 
   305 :  5.7212760e-01  9.6986189e-01 
   306 :  9.6428933e-01  7.8125710e-01 
   307 :  9.2858640e-01  9.3752848e-01 
   308 :  9.2857931e-01  7.8126573e-01 
   309 :  7.1427555e-01  1.8773150e-01 
   310 :  7.4998973e-01  1.2520540e-01 
   311 :  7.4999564e-01  3.1327210e-02 
   312 :  7.8570983e-01  1.8759376e-01 
   313 :  4.9996228e-01  2.2146876e-01 
   314 :  5.7140151e-01  2.1960272e-01 
   315 :  9.6428551e-01  1.8750602e-01 
   316 :  5.3567714e-01  2.2021873e-01 
   317 :  2.4176876e-01  3.8821246e-01 
   318 :  7.5020342e-01  9.0665789e-01 
   319 :  6.0801142e-01  9.3904181e-01 
   320 :  6.7877667e-01  7.8172475e-01 
   321 :  6.4284504e-01  2.1906869e-01 
   322 :  6.4325574e-02  2.2126349e-01 
   323 :  6.0712456e-01  2.1926536e-01 
   324 :  2.8073467e-01  2.9690707e-01 
   325 :  3.5906897e-01  2.5387105e-01 
   326 :  3.2323477e-01  2.7145699e-01 
   327 :  9.6429274e-01  9.3751299e-01 
   328 :  6.0760902e-01  9.6955129e-01 
   329 :  8.2151256e-01  9.0641845e-01 
   330 :  5.7137474e-01  1.8899584e-01 
   331 :  6.7855603e-01  1.8786495e-01 
   332 :  1.7467665e-01  1.1394673e-01 
   333 :  7.1428042e-01  2.1887616e-01 
   334 :  4.6412046e-01  1.9474672e-01 
   335 :  6.7856345e-01  2.1894972e-01 
   336 :  3.5889599e-02  6.3973012e-01 
   337 :  7.3550644e-02  6.7380279e-01 
   338 :  3.6733323e-02  6.7622405e-01 
   339 :  4.1294804e-01  7.5932220e-01 
   340 :  1.9581289e-01  7.0813892e-01 
   341 :  3.6998327e-01  7.6985932e-01 
   342 :  8.2146319e-01  7.8132202e-01 
   343 :  7.8576824e-01  7.8136436e-01 
   344 :  7.5022045e-01  8.7545028e-01 
   345 :  3.9220016e-01  1.7292427e-01 
   346 :  4.9983900e-01  6.5131678e-02 
   347 :  7.8581424e-01  8.1270945e-01 
   348 :  8.5719649e-01  9.0635657e-01 
   349 :  6.7910327e-01  8.7608712e-01 
   350 :  1.1494196e-01  7.8575336e-01 
   351 :  1.6556606e-01  2.3444902e-01 
   352 :  1.0236982e-01  1.4947540e-01 
   353 :  1.4178129e-01  3.7488959e-02 
   354 :  4.2886856e-01  2.3084657e-01 
   355 :  8.9289027e-01  8.4381616e-01 
   356 :  7.8584513e-01  9.0651308e-01 
   357 :  5.3837343e-01  9.1057293e-01 
   358 :  5.7273903e-01  9.3967132e-01 
   359 :  3.0328917e-02  4.2116769e-01 
   360 :  9.8129126e-02  4.8048497e-01 
   361 :  6.0671698e-02  4.1254598e-01 
   362 :  5.3805516e-01  8.1916770e-01 
   363 :  7.5015598e-01  8.1283164e-01 
   364 :  8.2149264e-01  8.1263235e-01 
   365 :  6.7895118e-01  8.1334619e-01 
   366 :  8.5718396e-01  9.3758122e-01 
   367 :  5.7340027e-01  8.7885456e-01 
   368 :  8.5716476e-01  7.8129516e-01 
   369 :  8.5719618e-01  8.4385785e-01 
   370 :  8.9288275e-01  9.3754987e-01 
   371 :  5.3869043e-01  8.5029883e-01 
   372 :  6.7906596e-01  8.4480483e-01 
   373 :  2.8495803e-01  3.6974835e-02 
   374 :  2.4553210e-01  1.5307214e-01 
   375 :  3.5587561e-01  1.4282096e-01 
   376 :  8.2142426e-01  1.2508377e-01 
   377 :  1.0521521e-01  7.4376833e-02 
   378 :  9.2857086e-01  6.2513232e-02 
   379 :  7.4999645e-01  2.1883004e-01 
   380 :  6.8009442e-02  1.4727227e-01 
   381 :  9.7049619e-02  2.2540607e-01 
   382 :  7.1427069e-01  9.4042739e-02 
   383 :  8.9285650e-01  3.1262438e-02 
   384 :  1.7267250e-01  1.5301962e-01 
   385 :  3.9061732e-01  8.0279119e-01 
   386 :  2.5724046e-01  9.3494516e-01 
   387 :  3.5084660e-01  8.2148241e-01 
   388 :  3.9600366e-01  9.7050594e-01 
   389 :  8.2142538e-01  6.2558864e-02 
   390 :  1.7744309e-01  3.7688665e-02 
   391 :  3.5673151e-01  2.1623026e-01 
   392 :  5.0147231e-01  9.7055542e-01 
   393 :  4.6821319e-01  9.4169145e-01 
   394 :  4.3117442e-01  9.7078280e-01 
   395 :  4.6630096e-01  9.7077944e-01 
   396 :  7.8585584e-01  8.7528857e-01 
   397 :  6.7905929e-01  9.0721109e-01 
   398 :  7.1460107e-01  9.0687859e-01 
   399 :  6.4362756e-01  8.4541904e-01 
   400 :  7.5946112e-02  7.4844193e-01 
   401 :  3.7825908e-02  7.4915152e-01 
   402 :  1.1020501e-01  9.2982779e-01 
   403 :  9.2857072e-01  1.5626728e-01 
   404 :  3.9231419e-01  6.9286384e-02 
   405 :  1.0398221e-01  1.1179888e-01 
   406 :  4.2808959e-01  1.0129377e-01 
   407 :  5.0172362e-01  7.9237030e-01 
   408 :  9.2858606e-01  8.1252904e-01 
   409 :  9.6429242e-01  8.1251317e-01 
   410 :  4.2805816e-01  1.3468347e-01 
   411 :  9.6428540e-01  9.3757895e-02 
   412 :  4.9991137e-01  3.2613444e-02 
   413 :  5.7134054e-01  1.2687501e-01 
   414 :  5.3558158e-01  9.6236092e-02 
   415 :  5.7135237e-01  1.5808833e-01 
   416 :  1.4705159e-01  9.3063139e-01 
   417 :  7.2423529e-02  9.6466563e-01 
   418 :  3.5634971e-01  7.1056188e-02 
   419 :  4.2839845e-01  1.9981819e-01 
   420 :  3.3449448e-02  5.3032363e-01 
   421 :  3.4183970e-02  5.6681007e-01 
   422 :  6.6684900e-02  5.2475827e-01 
   423 :  2.8790046e-02  2.8868532e-01 
   424 :  2.2095451e-01  3.3781218e-01 
   425 :  9.2481893e-02  4.0001548e-01 
   426 :  3.5370453e-02  3.6214976e-02 
   427 :  8.5714033e-01  9.3798770e-02 
   428 :  4.9978508e-01  1.2942482e-01 
   429 :  7.8570758e-01  1.2513141e-01 
   430 :  1.6983187e-01  1.9310312e-01 
   431 :  6.4282050e-01  1.2577741e-01 
   432 :  2.2812778e-01  8.6579410e-01 
   433 :  6.9806839e-02  5.9924256e-01 
   434 :  3.5008172e-02  6.0326471e-01 
   435 :  4.6428538e-01  2.2458565e-01 
   436 :  2.4409304e-01  6.1201740e-01 
   437 :  1.9473845e-01  5.0541107e-01 
   438 :  2.2613270e-01  5.3941580e-01 
   439 :  2.2348400e-01  5.0243652e-01 
   440 :  7.8571147e-01  3.1299682e-02 
   441 :  3.1926909e-01  1.8589780e-01 
   442 :  2.6044623e-01  6.4812886e-01 
   443 :  6.3785395e-02  4.4959270e-01 
   444 :  9.2668009e-02  2.6295587e-01 
   445 :  6.9484880e-02  3.5055871e-01 
   446 :  3.0648332e-02  2.5354313e-01 
   447 :  2.5916875e-02  3.5452128e-01 
   448 :  4.6009545e-01  7.8205686e-01 
   449 :  4.2496540e-01  7.8735345e-01 
   450 :  4.3963526e-01  7.6960892e-01 
   451 :  1.5489192e-01  7.4853211e-01 
   452 :  1.1171834e-01  8.9449747e-01 
   453 :  3.6435191e-01  9.4017606e-01 
   454 :  2.3252252e-01  8.3126742e-01 
   455 :  3.9256949e-01  3.4641155e-02 
   456 :  8.2142678e-01  3.1281799e-02 
   457 :  3.3950889e-02  1.4504255e-01 
   458 :  3.7256056e-01  8.8209983e-01 
   459 :  7.6166394e-02  7.8536196e-01 
   460 :  3.8254647e-01  7.4746779e-01 
   461 :  3.3339358e-01  9.0840480e-01 
   462 :  2.1321082e-01  3.7689479e-02 
   463 :  2.8254536e-01  1.5086263e-01 
   464 :  6.7854756e-01  1.2549931e-01 
   465 :  8.2142466e-01  1.5632761e-01 
   466 :  1.0742008e-01  6.3305146e-01 
   467 :  2.7140048e-01  8.3729024e-01 
   468 :  1.0168798e-01  5.5721985e-01 
   469 :  1.0430871e-01  5.9508695e-01 
   470 :  3.9916995e-01  9.4126180e-01 
   471 :  2.2422827e-01  8.9966576e-01 
   472 :  1.9277009e-01  8.2688989e-01 
   473 :  8.5714042e-01  1.5629894e-01 
   474 :  6.7855310e-01  6.2842806e-02 
   475 :  8.9285568e-01  9.3780056e-02 
   476 :  1.3047543e-01  4.3093822e-01 
   477 :  4.9941742e-02  3.5228623e-01 
   478 :  5.7518209e-02  2.9259138e-01 
   479 :  3.3166971e-02  1.8137384e-01 
   480 :  6.4284133e-01  3.1531430e-02 
   481 :  3.4536493e-02  1.0872438e-01 
   482 :  1.1335291e-01  7.0978195e-01 
   483 :  1.1065068e-01  6.7129670e-01 
   484 :  1.0015895e-01  1.8740141e-01 
   485 :  7.8570827e-01  1.5637197e-01 
   486 :  2.4366354e-01  1.9452616e-01 
   487 :  8.0822460e-02  3.6928937e-01 
   488 :  9.6460848e-02  4.4083860e-01 
   489 :  6.5391705e-02  4.8725389e-01 
   490 :  5.3766230e-01  9.4041506e-01 
   491 :  9.6429475e-01  9.0626704e-01 
   492 :  6.0807313e-01  8.1477670e-01 
   493 :  5.7331123e-01  8.4794423e-01 
   494 :  7.1452913e-01  8.1302747e-01 
   495 :  7.0767434e-02  3.6702874e-02 
   496 :  3.7551373e-02  8.5746394e-01 
   497 :  1.5463617e-01  7.8702954e-01 
   498 :  3.7839098e-02  8.2154271e-01 
   499 :  2.8172120e-01  1.9166321e-01 
   500 :  8.5714175e-01  3.1270144e-02 
   501 :  5.0481061e-01  8.5352053e-01 
   502 :  8.2151235e-01  8.4392158e-01 
   503 :  6.7877207e-01  9.6912705e-01 
   504 :  2.8337695e-01  1.1201570e-01 
   505 :  1.3721086e-01  1.5148685e-01 
   506 :  4.3622663e-01  9.1317856e-01 
   507 :  7.5868202e-02  8.2186064e-01 
   508 :  5.3559647e-01  1.5917114e-01 
   509 :  2.4073831e-01  2.3939985e-01 
   510 :  2.9341363e-01  9.3682409e-01 
   511 :  2.2069287e-01  9.3320326e-01 
   512 :  3.5941048e-01  7.9473867e-01 
   513 :  8.2151936e-01  8.7518398e-01 
   514 :  5.0394967e-01  9.1186307e-01 
   515 :  5.3690657e-01  7.8621179e-01 
   516 :  2.8418223e-01  7.4211668e-02 
   517 :  2.1063142e-01  1.1418160e-01 
   518 :  3.2912242e-01  9.3863708e-01 
   519 :  2.6130905e-01  9.0247855e-01 
   520 :  5.2990286e-02  3.2447398e-01 
   521 :  1.0243788e-01  3.4590186e-01 
   522 :  4.7188608e-01  8.3015242e-01 
   523 :  4.7138275e-01  8.8453482e-01 
   524 :  4.7222539e-01  8.5685512e-01 
   525 :  1.3913128e-01  1.1307682e-01 
   526 :  1.6676220e-01  5.4787290e-01 
   527 :  4.6400161e-01  1.6362415e-01 
   528 :  4.2837427e-01  3.3849673e-02 
   529 :  4.6995287e-01  9.1288599e-01 
   530 :  5.3557691e-01  1.2789397e-01 
   531 :  5.3565607e-01  3.2194200e-02 
   532 :  4.4351568e-01  8.1116359e-01 
   533 :  1.1476172e-01  7.4810011e-01 
   534 :  8.9288232e-01  8.1255090e-01 
   535 :  8.5720078e-01  8.7511596e-01 
   536 :  9.6429451e-01  8.4376723e-01 
   537 :  6.4342711e-01  9.3855902e-01 
   538 :  8.9289051e-01  9.0631556e-01 
   539 :  8.9289317e-01  8.7507128e-01 
   540 :  3.6069937e-01  9.6995869e-01 
   541 :  2.6593337e-01  8.6995607e-01 
   542 :  7.1462828e-01  8.7570089e-01 
   543 :  2.0622424e-01  1.9471004e-01 
   544 :  6.4282494e-01  1.5698733e-01 
   545 :  3.5604004e-01  1.0680203e-01 
   546 :  6.4282176e-01  9.4451153e-02 
   547 :  8.2149288e-01  9.3762811e-01 
   548 :  1.7147463e-01  5.8623742e-01 
   549 :  1.3831591e-01  5.9077987e-01 
   550 :  1.5323530e-01  8.2416009e-01 
   551 :  1.8668047e-01  6.6530796e-01 
   552 :  2.5352311e-01  9.6742959e-01 
   553 :  1.3227432e-01  5.1378041e-01 
   554 :  3.2743758e-02  4.9377826e-01 
   555 :  9.9676876e-02  5.1914648e-01 
   556 :  4.9979401e-01  9.7445933e-02 
   557 :  7.4999017e-01  9.3938322e-02 
   558 :  6.0710721e-01  1.8842416e-01 
   559 :  4.9988314e-01  1.9167008e-01 
   560 :  7.1427184e-01  1.5654941e-01 
   561 :  3.2503984e-01  7.8424721e-01 
   562 :  7.4373277e-02  8.9373213e-01 
   563 :  7.4999086e-01  1.5644115e-01 
   564 :  1.9542777e-01  2.8367929e-01 
   565 :  1.5889812e-01  2.7710956e-01 
   566 :  2.3498996e-01  2.8969018e-01 
   567 :  8.5714103e-01  1.8753750e-01 
   568 :  1.4838130e-01  3.2119360e-01 
   569 :  1.6415517e-01  5.0914927e-01 
   570 :  2.8447113e-01  6.8420387e-01 
   571 :  9.2857065e-01  1.2501870e-01 
   572 :  4.6404121e-01  6.6241058e-02 
   573 :  5.7134333e-01  9.5395852e-02 
   574 :  9.6428557e-01  3.1253283e-02 
   575 :  2.9774482e-01  9.0551240e-01 
   576 :  1.8391426e-01  9.3174786e-01 
   577 :  2.4336265e-01  7.5684194e-01 
   578 :  2.8946635e-01  9.6832670e-01 
   579 :  3.9206170e-01  1.3849169e-01 
   580 :  5.7136088e-01  6.3711568e-02 
   581 :  2.0880977e-01  1.5368728e-01 
   582 :  2.3293605e-01  5.7589243e-01 
   583 :  4.6898519e-01  8.0490572e-01 
   584 :  1.9736232e-01  7.5065091e-01 
   585 :  5.3563431e-01  1.8996665e-01 
   586 :  2.6822490e-02  3.2237975e-01 
   587 :  6.1391674e-02  2.5766504e-01 
   588 :  9.6429534e-01  8.7501857e-01 
   589 :  6.0711841e-01  3.1676861e-02 
   590 :  8.9285603e-01  6.2522986e-02 
   591 :  1.8974150e-01  8.6252906e-01 
   592 :  5.3674397e-01  9.7021662e-01 
   593 :  2.4692119e-01  1.1357208e-01 
   594 :  3.8337379e-01  8.2773833e-01 
   595 :  3.1788427e-01  7.1175680e-01 
   596 :  3.1856804e-02  4.5725079e-01 
   597 :  1.1312461e-01  8.5881833e-01 
   598 :  2.3104015e-01  4.2684475e-01 
   599 :  6.7854845e-01  9.4203820e-02 
   600 :  2.0324387e-01  5.8129276e-01 
   601 :  7.1427007e-01  1.2532042e-01 
   602 :  3.3823359e-01  8.7865196e-01 
   603 :  6.0834475e-01  8.4639795e-01 
   604 :  3.2097443e-02  2.1761874e-01 
   605 :  7.1441608e-01  9.6900092e-01 
   606 :  7.5008434e-01  9.6891493e-01 
   607 :  7.8576860e-01  9.6885727e-01 
   608 :  8.2146342e-01  9.6881909e-01 
   609 :  8.5716512e-01  9.6879382e-01 
   610 :  8.9287104e-01  9.6877684e-01 
   611 :  9.2857959e-01  9.6876533e-01 
   612 :  9.6428958e-01  9.6875704e-01 
   613 :  7.8571193e-01  2.1880091e-01 
   614 :  8.2142704e-01  2.1878233e-01 
   615 :  8.5714189e-01  2.1877031e-01 
   616 :  8.9285658e-01  2.1876247e-01 
   617 :  9.2857116e-01  2.1875716e-01 
   618 :  9.6428562e-01  2.1875326e-01 
   619 :  3.6692447e-02  9.2887956e-01 
   620 :  3.6204995e-02  9.6445561e-01 
Number of edges 150 
     0 :      0      8 
     1 :      8     22 
     2 :     22     21 
     3 :     21     23 
     4 :     23     20 
     5 :     20     24 
     6 :     24     19 
     7 :     19     25 
     8 :     25     18 
     9 :     18     26 
    10 :     26     17 
    11 :     17     27 
    12 :     27     16 
    13 :     16     28 
    14 :     28     15 
    15 :     15     29 
    16 :     29     14 
    17 :     14     30 
    18 :     30     13 
    19 :     13     31 
    20 :     31     12 
    21 :     12     32 
    22 :     32     11 
    23 :     11     33 
    24 :     33     10 
    25 :     10     34 
    26 :     34      9 
    27 :      9      1 
    28 :      2     35 
    29 :     35     49 
    30 :     49     48 
    31 :     48     50 
    32 :     50     47 
    33 :     47     51 
    34 :     51     46 
    35 :     46     52 
    36 :     52     45 
    37 :     45     53 
    38 :     53     44 
    39 :     44     54 
    40 :     54     43 
    41 :     43     55 
    42 :     55     42 
    43 :     42     56 
    44 :     56     41 
    45 :     41     57 
    46 :     57     40 
    47 :     40     58 
    48 :     58     39 
    49 :     39     59 
    50 :     59     38 
    51 :     38     60 
    52 :     60     37 
    53 :     37     61 
    54 :     61     36 
    55 :     36      0 
    56 :      3     62 
    57 :     62     66 
    58 :     66     63 
    59 :     63     67 
    60 :     67     64 
    61 :     64     68 
    62 :     68     65 
    63 :     65      2 
    64 :      3     69 
    65 :     69     76 
    66 :     76     70 
    67 :     70     77 
    68 :     77     71 
    69 :     71     78 
    70 :     78     72 
    71 :     72     79 
    72 :     79     73 
    73 :     73     80 
    74 :     80     74 
    75 :     74     81 
    76 :     81     75 
    77 :     75      4 
    78 :      4     82 
    79 :     82     93 
    80 :     93     92 
    81 :     92     94 
    82 :     94     91 
    83 :     91     95 
    84 :     95     90 
    85 :     90     96 
    86 :     96     89 
    87 :     89     97 
    88 :     97     88 
    89 :     88     98 
    90 :     98     87 
    91 :     87     99 
    92 :     99     86 
    93 :     86    100 
    94 :    100     85 
    95 :     85    101 
    96 :    101     84 
    97 :     84    102 
    98 :    102     83 
    99 :     83      5 
   100 :      5    103 
   101 :    103    110 
   102 :    110    104 
   103 :    104    111 
   104 :    111    105 
   105 :    105    112 
   106 :    112    106 
   107 :    106    113 
   108 :    113    107 
   109 :    107    114 
   110 :    114    108 
   111 :    108    115 
   112 :    115    109 
   113 :    109      6 
   114 :      7    116 
   115 :    116    120 
   116 :    120    117 
   117 :    117    121 
   118 :    121    118 
   119 :    118    122 
   120 :    122    119 
   121 :    119      6 
   122 :      1    123 
   123 :    123    137 
   124 :    137    136 
   125 :    136    138 
   126 :    138    135 
   127 :    135    139 
   128 :    139    134 
   129 :    134    140 
   130 :    140    133 
   131 :    133    141 
   132 :    141    132 
   133 :    132    142 
   134 :    142    131 
   135 :    131    143 
   136 :    143    130 
   137 :    130    144 
   138 :    144    129 
   139 :    129    145 
   140 :    145    128 
   141 :    128    146 
   142 :    146    127 
   143 :    127    147 
   144 :    147    126 
   145 :    126    148 
   146 :    148    125 
   147 :    125    149 
   148 :    149    124 
   149 :    124      7 
Number of quads 545 
     0 :    297    272    223    557
     1 :    500    383    590    195
     2 :    400    191    482    533
     3 :    268    276    387    299
     4 :    518    461    225    453
     5 :    172    496    210    562
     6 :     62    306     69      3
     7 :    606    605    158    250
     8 :    608    607    183    547
     9 :    304    303    213    188
    10 :    502    187    347    364
    11 :    343    251     72     78
    12 :    318    398    542    344
    13 :    156    538    539    184
    14 :    311    440    272    297
    15 :    141    132    455    255
    16 :    232    567    615    614
    17 :    563    485    312    220
    18 :    147    126    456    440
    19 :    313    316    103      5
    20 :    316    314    110    103
    21 :     98     88    439    281
    22 :    539    535    369    355
    23 :    252    368     77     70
    24 :    213    367    493    603
    25 :    371    501    202    362
    26 :    136    138    353    285
    27 :    314    323    104    110
    28 :    323    321    111    104
    29 :     11    479    604     32
    30 :    150    406    410    579
    31 :    324    326     85    100
    32 :    326    325    101     85
    33 :    412    531    288    346
    34 :    372    399    186    365
    35 :    180    328    319    537
    36 :    368    342     71     77
    37 :    212    157    501    371
    38 :    237    178    196    474
    39 :    479    194    322    604
    40 :    463    271    441    499
    41 :    426    495    179    159
    42 :    321    335    105    111
    43 :    335    333    112    105
    44 :    159    179    167    481
    45 :    190    337    338    336
    46 :    336    338     18     26
    47 :    338    301     25     18
    48 :    337    191    301    338
    49 :    230    584    577    257
    50 :    234    570    595    238
    51 :    275    449    207    532
    52 :    369    502    364    214
    53 :    399    603    492    186
    54 :    490    155    514    357
    55 :    363    494    242    251
    56 :    528    198    572    197
    57 :    391    203    279    325
    58 :    456    500    195    389
    59 :    296    544    209    558
    60 :    357    514    157    212
    61 :    536    253    408    409
    62 :    242    320     73     79
    63 :    348    329    513    535
    64 :    234    340    551    175
    65 :    570    442     90     95
    66 :    292    291    460    341
    67 :    274    315    618    617
    68 :    285    353    244    377
    69 :    289    430    351    295
    70 :    279    354    102     84
    71 :    279     84    101    325
    72 :    431    464    254    544
    73 :    214    364    342    368
    74 :    609    608    547    366
    75 :    366    547    329    348
    76 :    605    503    293    158
    77 :    183    250    318    356
    78 :    185    372    365    494
    79 :    588    184    253    536
    80 :    319    358    181    303
    81 :    544    254    331    209
    82 :    227    262    447    477
    83 :    267    476    488    425
    84 :    587    322    381    444
    85 :    596     15     29    359
    86 :    476    201    360    488
    87 :     53     44    328    180
    88 :    365    186    241    320
    89 :    293    537    304    397
    90 :     66    409    306     62
    91 :    308    252     70     76
    92 :     65    612    327     68
    93 :    538    348    535    539
    94 :    542    349    372    185
    95 :    294    362    515    240
    96 :     45     53    180    503
    97 :    192    240     81     74
    98 :     44     54    305    328
    99 :    342    343     78     71
   100 :     63    536    409     66
   101 :    181    357    212    367
   102 :    503    180    537    293
   103 :    283    428    222    527
   104 :    418    404    150    545
   105 :    589    480    170    236
   106 :    282    411    235    571
   107 :    441    287    391    273
   108 :    581    374    486    543
   109 :    593    504    463    374
   110 :    599    382    601    464
   111 :    567    166    616    615
   112 :    231    418    545    224
   113 :    113    106    379    613
   114 :    330    558    323    314
   115 :    572    346    556    169
   116 :    427    475    298    208
   117 :    256    120    117    411
   118 :    144    129    589    206
   119 :    128    146    178    237
   120 :    143    130    531    412
   121 :    545    150    579    375
   122 :    134    140    373    243
   123 :    561    292    341    512
   124 :    584    340    234    577
   125 :    458    249    217    247
   126 :    106    112    333    379
   127 :    169    556    428    283
   128 :    146    127    311    178
   129 :    278    216    593    517
   130 :     56    394    395     42
   131 :     42    395    392     55
   132 :    395    393    155    392
   133 :    394    199    393    395
   134 :    603    493    294    492
   135 :     67    588    536     63
   136 :    491    156    184    588
   137 :    409    408    308    306
   138 :    610    609    366    370
   139 :    398    397    349    542
   140 :    535    513    502    369
   141 :    362    202    407    515
   142 :    594    385    275    239
   143 :    507    459    350    152
   144 :     22     21    172    619
   145 :    552    386    510    578
   146 :    457    380    194    479
   147 :    220    312    613    379
   148 :    485    465    232    312
   149 :    349    188    399    372
   150 :    356    318    344    396
   151 :     52     45    503    605
   152 :    607    606    250    183
   153 :    473    221    166    567
   154 :    516    231    224    504
   155 :    208    298    221    473
   156 :    499    441    273    160
   157 :    310    429    485    563
   158 :    130    144    206    531
   159 :    204    427    208    376
   160 :    209    331    335    321
   161 :    235    121    118    193
   162 :    455    528    197    404
   163 :    127    147    440    311
   164 :    510    575    461    518
   165 :     24     19    401    228
   166 :    602    299    249    458
   167 :    254    560    309    331
   168 :    382    557    310    601
   169 :    505    384    430    289
   170 :    244    161    332    525
   171 :    403    193    315    274
   172 :    579    410    168    345
   173 :    164    177    437    569
   174 :    420    422    154    421
   175 :    420    421     27     16
   176 :    568    565    564    162
   177 :    424    566    324    263
   178 :    280    174    317    598
   179 :    129    145    480    589
   180 :    197    572    169    406
   181 :    148    125    383    500
   182 :    486    499    160    509
   183 :    245    431    544    296
   184 :    352    505    289    484
   185 :    373    246    231    516
   186 :    140    133    246    373
   187 :    474    196    382    599
   188 :    504    224    271    463
   189 :     10    481    457     33
   190 :    374    463    499    486
   191 :     19     25    301    401
   192 :    218    550    472    591
   193 :    519    541    269    575
   194 :    154    433    434    421
   195 :    421    434     17     27
   196 :    434    336     26     17
   197 :    433    190    336    434
   198 :    354    435     83    102
   199 :    435    313      5     83
   200 :    195    590    475    427
   201 :    595     91     94    291
   202 :    438    439     88     97
   203 :    582    438     97     89
   204 :    598     87     98    281
   205 :    439    437    177    281
   206 :    233    468    555    553
   207 :    525    332    384    505
   208 :    351    215    564    565
   209 :    142    131    198    528
   210 :    410    283    527    168
   211 :     90    442    436     96
   212 :    453    225    229    470
   213 :    261    437    439    438
   214 :    489    554    596    443
   215 :    478    520    586    423
   216 :    444    165    478    587
   217 :    568    286    265    565
   218 :    446    423     31     12
   219 :    267    568    162    153
   220 :    162    564    566    424
   221 :    266    445    477    520
   222 :     38    290    300     59
   223 :    496    498    507    210
   224 :    207    449    450    448
   225 :    448    450     82      4
   226 :    450    339     93     82
   227 :    449    171    339    450
   228 :    350    533    451    497
   229 :    562    210    597    452
   230 :     60    211    290     38
   231 :    173    562    452    402
   232 :    533    482    284    451
   233 :    300    511    386    552
   234 :    299    387    594    249
   235 :    270    402    416    211
   236 :    276    561    512    387
   237 :    210    507    152    597
   238 :     37    270    211     60
   239 :    334    559    313    435
   240 :    527    222    559    334
   241 :    224    545    375    271
   242 :    257    577    277    248
   243 :    291     94     92    460
   244 :    340    284    189    551
   245 :    277    238    292    561
   246 :    405    525    505    352
   247 :    414    573    413    530
   248 :    196    297    557    382
   249 :    419    334    435    354
   250 :    190    433    469    466
   251 :    548    549    233    526
   252 :    433    154    468    469
   253 :    302    591    432    471
   254 :    401    301    191    400
   255 :    467    248    276    268
   256 :     58    578    151     40
   257 :    205    546    431    245
   258 :    298    571    403    221
   259 :    590    378    282    475
   260 :    359     29     14    262
   261 :    425    361    227    487
   262 :    377    244    525    405
   263 :    215    509    566    564
   264 :    556    414    530    428
   265 :    216    516    504    593
   266 :    191    337    483    482
   267 :    189    284    482    483
   268 :    337    190    466    483
   269 :    170    474    599    546
   270 :    295    351    565    265
   271 :    246    255    418    231
   272 :    288    580    573    414
   273 :    201    164    569    553
   274 :    361    359    262    227
   275 :    424    263    317    174
   276 :    367    212    371    493
   277 :     54     43    592    305
   278 :    493    371    362    294
   279 :     64    491    588     67
   280 :    370    366    348    538
   281 :    355    369    214    534
   282 :    182    185    494    363
   283 :    530    413    415    508
   284 :    464    601    560    254
   285 :    560    563    220    309
   286 :    236    170    546    205
   287 :    576    302    471    511
   288 :    386    519    575    510
   289 :    225    458    247    229
   290 :    620    619    173    417
   291 :     33    457    479     11
   292 :    573    205    245    413
   293 :    219    574    256    378
   294 :    558    209    321    323
   295 :    537    319    303    304
   296 :    241    192     74     80
   297 :    184    539    355    253
   298 :    534    214    368    252
   299 :    574    116    120    256
   300 :    193    118    122    315
   301 :    549    469    468    233
   302 :    176    260    549    548
   303 :    451    284    340    584
   304 :    452    597    218    258
   305 :     40    151    540     57
   306 :     39    552    578     58
   307 :    353    390    161    244
   308 :      9    426    159     34
   309 :     59    300    552     39
   310 :    461    602    458    225
   311 :    417    173    402    270
   312 :    470    229    506    199
   313 :    612    611    307    327
   314 :    329    356    396    513
   315 :    187    182    363    347
   316 :    320    241     80     73
   317 :    389    195    427    204
   318 :    559    585    316    313
   319 :    178    311    297    196
   320 :    454    257    248    467
   321 :     20     24    228    498
   322 :    541    467    268    269
   323 :    521    487    445    266
   324 :    487    227    477    445
   325 :    165    266    520    478
   326 :    586    447     30     13
   327 :    157    523    524    501
   328 :    501    524    522    202
   329 :    524    259    226    522
   330 :    523    200    259    524
   331 :    131    143    412    198
   332 :    430    543    215    351
   333 :    585    330    314    316
   334 :    132    142    528    455
   335 :    175    264    436    442
   336 :    526    569    437    261
   337 :    160    273    326    324
   338 :    413    245    296    415
   339 :    465    473    567    232
   340 :    273    391    325    326
   341 :    155    393    529    514
   342 :    514    529    523    157
   343 :    529    506    200    523
   344 :    393    199    506    529
   345 :    255    455    404    418
   346 :    546    599    464    431
   347 :    133    141    255    246
   348 :    249    594    239    217
   349 :    151    518    453    540
   350 :    619    172    562    173
   351 :    211    416    576    290
   352 :    383    219    378    590
   353 :    494    365    320    242
   354 :    513    396    187    502
   355 :    344    542    185    182
   356 :    250    158    398    318
   357 :    186    492    192    241
   358 :    592    392    155    490
   359 :    253    355    534    408
   360 :    188    213    603    399
   361 :     43     55    392    592
   362 :    397    304    188    349
   363 :    498    228    459    507
   364 :    152    350    497    550
   365 :    512    341    171    385
   366 :    347    363    251    343
   367 :    306    308     76     69
   368 :    396    344    182    187
   369 :    358    490    357    181
   370 :    267    425    487    521
   371 :    179    377    405    167
   372 :    440    456    389    272
   373 :    303    181    367    213
   374 :    251    242     79     72
   375 :    492    294    240    192
   376 :    328    305    358    319
   377 :    264    600    582    436
   378 :    189    483    466    260
   379 :    460     92     93    339
   380 :    432    454    467    541
   381 :    600    261    438    582
   382 :    153    162    424    174
   383 :    422    555    468    154
   384 :    286    165    444    265
   385 :    484    289    295    381
   386 :    580    236    205    573
   387 :    243    373    516    216
   388 :    221    403    274    166
   389 :    139    134    243    462
   390 :    422    420    554    489
   391 :    331    309    333    335
   392 :     34    159    481     10
   393 :    550    497    230    472
   394 :    472    230    257    454
   395 :     41    388    394     56
   396 :     57    540    388     41
   397 :    404    197    406    150
   398 :    390    462    278    161
   399 :    206    589    236    580
   400 :    531    206    580    288
   401 :    462    243    216    278
   402 :    488    443    361    425
   403 :    267    521    286    568
   404 :    332    517    581    384
   405 :    459    400    533    350
   406 :    591    472    454    432
   407 :    597    152    550    218
   408 :    341    460    339    171
   409 :    263    324    100     86
   410 :    598    317     99     87
   411 :    384    581    543    430
   412 :    481    167    380    457
   413 :    137    136    285    495
   414 :    223    204    376    429
   415 :    126    148    500    456
   416 :    346    288    414    556
   417 :    444    381    295    265
   418 :    423    586     13     31
   419 :    587    478    423    446
   420 :    138    135    390    353
   421 :     12     32    604    446
   422 :    548    526    261    600
   423 :    521    266    165    286
   424 :    520    477    447    586
   425 :     61    417    270     37
   426 :    234    175    442    570
   427 :    269    268    299    602
   428 :    575    269    602    461
   429 :    375    579    345    287
   430 :    429    376    465    485
   431 :    380    352    484    194
   432 :    415    296    558    330
   433 :    161    278    517    332
   434 :    411    117    121    235
   435 :    309    220    379    333
   436 :    203    419    354    279
   437 :      1    123    426      9
   438 :    166    274    617    616
   439 :    416    258    302    576
   440 :    290    576    511    300
   441 :    570     95     91    595
   442 :    406    169    283    410
   443 :    125    149    219    383
   444 :    402    452    258    416
   445 :    229    247    200    506
   446 :    378    256    411    282
   447 :    495    285    377    179
   448 :    315    122    119    618
   449 :    222    508    585    559
   450 :    145    128    237    480
   451 :    124      7    116    574
   452 :    582     89     96    436
   453 :    248    277    561    276
   454 :    207    448    583    532
   455 :    532    583    522    226
   456 :    583    407    202    522
   457 :    448      4    407    583
   458 :    247    217    259    200
   459 :    551    176    264    175
   460 :     36    620    417     61
   461 :    540    453    470    388
   462 :    217    239    226    259
   463 :    387    512    385    594
   464 :    198    412    346    572
   465 :    287    345    203    391
   466 :    163    280    177    164
   467 :    153    174    280    163
   468 :    554     28     15    596
   469 :    360    489    443    488
   470 :    446    604    322    587
   471 :    262     14     30    447
   472 :     68    327    491     64
   473 :    158    293    397    398
   474 :    408    534    252    308
   475 :    272    389    204    223
   476 :    312    232    614    613
   477 :    428    530    508    222
   478 :    123    137    495    426
   479 :    511    471    519    386
   480 :     23     20    498    496
   481 :    471    432    541    519
   482 :    240    515     75     81
   483 :    515    407      4     75
   484 :    364    347    343    342
   485 :    305    592    490    358
   486 :    547    183    356    329
   487 :    376    208    473    465
   488 :    480    237    474    170
   489 :    239    275    532    226
   490 :    388    470    199    394
   491 :    578    510    518    151
   492 :    267    153    163    476
   493 :    201    553    555    360
   494 :    260    466    469    549
   495 :     21     23    496    172
   496 :    385    171    449    275
   497 :    443    596    359    361
   498 :    555    422    489    360
   499 :    228    401    400    459
   500 :    475    282    571    298
   501 :    271    375    287    441
   502 :    557    223    429    310
   503 :    577    234    238    277
   504 :    258    218    591    302
   505 :    497    451    584    230
   506 :    543    486    509    215
   507 :    263     86     99    317
   508 :    476    163    164    201
   509 :    281    177    280    598
   510 :    149    124    574    219
   511 :    601    310    563    560
   512 :    345    168    419    203
   513 :    238    595    291    292
   514 :    526    233    553    569
   515 :    176    548    600    264
   516 :    517    593    374    581
   517 :    194    484    381    322
   518 :    167    405    352    380
   519 :    420     16     28    554
   520 :    135    139    462    390
   521 :    509    160    324    566
   522 :    551    189    260    176
   523 :    327    307    156    491
   524 :    611    610    370    307
   525 :    307    370    538    156
   526 :    168    527    334    419
   527 :    571    235    193    403
   528 :    508    415    330    585
   529 :     46     52    605    606
   530 :     51     46    606    607
   531 :     47     51    607    608
   532 :     50     47    608    609
   533 :     48     50    609    610
   534 :     49     48    610    611
   535 :     35     49    611    612
   536 :      2     35    612     65
   537 :    107    113    613    614
   538 :    114    107    614    615
   539 :    108    114    615    616
   540 :    115    108    616    617
   541 :    109    115    617    618
   542 :      6    109    618    119
   543 :      8     22    619    620
   544 :      0      8    620     36
Number of domains 8
  Domain :      0 
  Name : Symmetry
  Number of elements :     28
     0     1     2     3     4     5     6     7     8     9
    10    11    12    13    14    15    16    17    18    19
    20    21    22    23    24    25    26    27
  Domain :      1 
  Name : Top
  Number of elements :     28
    28    29    30    31    32    33    34    35    36    37
    38    39    40    41    42    43    44    45    46    47
    48    49    50    51    52    53    54    55
  Domain :      2 
  Name : Entity 2 
  Number of elements :      8
    56    57    58    59    60    61    62    63
  Domain :      3 
  Name : Entity 3 
  Number of elements :     14
    64    65    66    67    68    69    70    71    72    73
    74    75    76    77
  Domain :      4 
  Name : Entity 4 
  Number of elements :     22
    78    79    80    81    82    83    84    85    86    87
    88    89    90    91    92    93    94    95    96    97
    98    99
  Domain :      5 
  Name : Entity 5 
  Number of elements :     14
   100   101   102   103   104   105   106   107   108   109
   110   111   112   113
  Domain :      6 
  Name : Entity 6 
  Number of elements :      8
   114   115   116   117   118   119   120   121
  Domain :      7 
  Name : Bottom
  Number of elements :     28
   122   123   124   125   126   127   128   129   130   131
   132   133   134   135   136   137   138   139   140   141
   142   143   144   145   146   147   148   149
